Accuracy: 0.8375796178343949
Precision: 0.817524115755627
Recall: 0.8489148580968281
